k	t	bipart	threshold	tp	tn	fp	fn	fmeasure	tprate	fprate	precision	recall	fallcout	acc
59	0,1	false	0,06	21	29198	12	24029	0,0017	0,0009	0,0004	0,6364	0,0009	0,3636	0,5486
59	0,1	true	1,00	13942	19163	10047	10108	0,5804	0,5797	0,3440	0,5812	0,5797	0,4188	0,6216
59	0,2	false	0,07	0	29207	3	24050	0,0000	0,0000	0,0001	0,0000	0,0000	1,0000	0,5484
59	0,2	true	1,00	11552	20875	8335	12498	0,5258	0,4803	0,2853	0,5809	0,4803	0,4191	0,6088
59	0,3	false	0,07	6	29201	9	24044	0,0005	0,0002	0,0003	0,4000	0,0002	0,6000	0,5484
59	0,3	true	1,00	11156	21393	7817	12894	0,5186	0,4639	0,2676	0,5880	0,4639	0,4120	0,6111
59	0,4	false	0,12	2	29205	5	24048	0,0002	0,0001	0,0002	0,2857	0,0001	0,7143	0,5484
59	0,4	true	1,00	10716	21758	7452	13334	0,5077	0,4456	0,2551	0,5898	0,4456	0,4102	0,6097
59	0,7	false	0,50	165	29133	77	23885	0,0136	0,0069	0,0026	0,6818	0,0069	0,3182	0,5501
59	0,7	true	1,00	12898	19920	9290	11152	0,5579	0,5363	0,3180	0,5813	0,5363	0,4187	0,6162
59	0,8	false	0,50	364	28994	216	23686	0,0296	0,0151	0,0074	0,6276	0,0151	0,3724	0,5512
59	0,8	true	1,00	13197	19660	9550	10853	0,5640	0,5487	0,3269	0,5802	0,5487	0,4198	0,6169
59	0,9	false	0,50	419	29001	209	23631	0,0340	0,0174	0,0072	0,6672	0,0174	0,3328	0,5524
59	0,9	true	1,00	14717	18763	10447	9333	0,5981	0,6119	0,3577	0,5848	0,6119	0,4152	0,6286
60	0,1	false	0,04	11	29199	11	24039	0,0009	0,0005	0,0004	0,5000	0,0005	0,5000	0,5484
60	0,1	true	1,00	13519	19304	9906	10531	0,5695	0,5621	0,3391	0,5771	0,5621	0,4229	0,6163
60	0,2	false	0,07	7	29199	11	24043	0,0006	0,0003	0,0004	0,3889	0,0003	0,6111	0,5484
60	0,2	true	1,00	11674	20607	8603	12376	0,5267	0,4854	0,2945	0,5757	0,4854	0,4243	0,6061
60	0,3	false	0,08	0	29209	1	24050	0,0000	0,0000	0,0000	0,0000	0,0000	1,0000	0,5484
60	0,3	true	1,00	11335	21175	8035	12715	0,5221	0,4713	0,2751	0,5852	0,4713	0,4148	0,6104
60	0,4	false	0,16	7	29207	3	24043	0,0006	0,0003	0,0001	0,7000	0,0003	0,3000	0,5485
60	0,4	true	1,00	9778	22411	6799	14272	0,4814	0,4066	0,2328	0,5899	0,4066	0,4101	0,6044
60	0,7	false	0,50	104	29170	40	23946	0,0086	0,0043	0,0014	0,7222	0,0043	0,2778	0,5496
60	0,7	true	1,00	12763	20353	8857	11287	0,5589	0,5307	0,3032	0,5903	0,5307	0,4097	0,6218
60	0,8	false	0,50	410	29026	184	23640	0,0333	0,0170	0,0063	0,6902	0,0170	0,3098	0,5527
60	0,8	true	1,00	14956	18840	10370	9094	0,6058	0,6219	0,3550	0,5905	0,6219	0,4095	0,6345
60	0,9	false	0,50	421	28988	222	23629	0,0341	0,0175	0,0076	0,6547	0,0175	0,3453	0,5522
60	0,9	true	1,00	15008	18677	10533	9042	0,6053	0,6240	0,3606	0,5876	0,6240	0,4124	0,6325
61	0,1	false	0,04	24	29184	26	24026	0,0020	0,0010	0,0009	0,4800	0,0010	0,5200	0,5484
61	0,1	true	1,00	14365	18753	10457	9685	0,5879	0,5973	0,3580	0,5787	0,5973	0,4213	0,6218
61	0,2	false	0,05	13	29203	7	24037	0,0011	0,0005	0,0002	0,6500	0,0005	0,3500	0,5486
61	0,2	true	1,00	11746	20547	8663	12304	0,5284	0,4884	0,2966	0,5755	0,4884	0,4245	0,6063
61	0,3	false	0,08	15	29207	3	24035	0,0012	0,0006	0,0001	0,8333	0,0006	0,1667	0,5487
61	0,3	true	1,00	10671	21827	7383	13379	0,5069	0,4437	0,2528	0,5911	0,4437	0,4089	0,6102
61	0,4	false	0,15	13	29197	13	24037	0,0011	0,0005	0,0004	0,5000	0,0005	0,5000	0,5484
61	0,4	true	1,00	11257	20885	8325	12793	0,5160	0,4681	0,2850	0,5749	0,4681	0,4251	0,6035
61	0,7	false	0,50	61	29174	36	23989	0,0051	0,0025	0,0012	0,6289	0,0025	0,3711	0,5489
61	0,7	true	1,00	12845	19746	9464	11205	0,5542	0,5341	0,3240	0,5758	0,5341	0,4242	0,6119
61	0,8	false	0,50	410	29004	206	23640	0,0332	0,0170	0,0071	0,6656	0,0170	0,3344	0,5523
61	0,8	true	1,00	14522	19026	10184	9528	0,5957	0,6038	0,3486	0,5878	0,6038	0,4122	0,6299
61	0,9	false	0,50	352	29040	170	23698	0,0287	0,0146	0,0058	0,6743	0,0146	0,3257	0,5519
61	0,9	true	1,00	15126	18746	10464	8924	0,6094	0,6289	0,3582	0,5911	0,6289	0,4089	0,6360
62	0,1	false	0,04	21	29192	18	24029	0,0017	0,0009	0,0006	0,5385	0,0009	0,4615	0,5485
62	0,1	true	1,00	13970	18946	10264	10080	0,5787	0,5809	0,3514	0,5765	0,5809	0,4235	0,6180
62	0,2	false	0,05	67	29160	50	23983	0,0055	0,0028	0,0017	0,5726	0,0028	0,4274	0,5488
62	0,2	true	1,00	11737	20732	8478	12313	0,5303	0,4880	0,2902	0,5806	0,4880	0,4194	0,6096
62	0,3	false	0,09	12	29202	8	24038	0,0010	0,0005	0,0003	0,6000	0,0005	0,4000	0,5485
62	0,3	true	1,00	10368	21652	7558	13682	0,4940	0,4311	0,2587	0,5784	0,4311	0,4216	0,6012
62	0,4	false	0,21	9	29205	5	24041	0,0007	0,0004	0,0002	0,6429	0,0004	0,3571	0,5485
62	0,4	true	1,00	11036	21530	7680	13014	0,5161	0,4589	0,2629	0,5897	0,4589	0,4103	0,6115
62	0,7	false	0,50	170	29113	97	23880	0,0140	0,0071	0,0033	0,6367	0,0071	0,3633	0,5498
62	0,7	true	1,00	12330	20688	8522	11720	0,5492	0,5127	0,2917	0,5913	0,5127	0,4087	0,6199
62	0,8	false	0,50	374	29057	153	23676	0,0304	0,0156	0,0052	0,7097	0,0156	0,2903	0,5526
62	0,8	true	1,00	14376	19238	9972	9674	0,5941	0,5978	0,3414	0,5904	0,5978	0,4096	0,6311
62	0,9	false	0,50	398	29012	198	23652	0,0323	0,0165	0,0068	0,6678	0,0165	0,3322	0,5522
62	0,9	true	1,00	15003	18949	10261	9047	0,6085	0,6238	0,3513	0,5938	0,6238	0,4062	0,6375
63	0,1	false	0,04	24	29190	20	24026	0,0020	0,0010	0,0007	0,5455	0,0010	0,4545	0,5485
63	0,1	true	1,00	13874	19106	10104	10176	0,5777	0,5769	0,3459	0,5786	0,5769	0,4214	0,6192
63	0,2	false	0,06	5	29198	12	24045	0,0004	0,0002	0,0004	0,2941	0,0002	0,7059	0,5483
63	0,2	true	1,00	11537	20753	8457	12513	0,5239	0,4797	0,2895	0,5770	0,4797	0,4230	0,6063
63	0,3	false	0,07	10	29210	0	24040	0,0008	0,0004	0,0000	1,0000	0,0004	0,0000	0,5486
63	0,3	true	1,00	10689	21510	7700	13361	0,5037	0,4444	0,2636	0,5813	0,4444	0,4187	0,6046
63	0,4	false	0,15	3	29209	1	24047	0,0002	0,0001	0,0000	0,7500	0,0001	0,2500	0,5485
63	0,4	true	1,00	10445	22067	7143	13605	0,5017	0,4343	0,2445	0,5939	0,4343	0,4061	0,6104
63	0,7	false	0,50	57	29173	37	23993	0,0047	0,0024	0,0013	0,6064	0,0024	0,3936	0,5488
63	0,7	true	1,00	12791	20263	8947	11259	0,5587	0,5319	0,3063	0,5884	0,5319	0,4116	0,6206
63	0,8	false	0,50	322	29079	131	23728	0,0263	0,0134	0,0045	0,7108	0,0134	0,2892	0,5520
63	0,8	true	1,00	14349	19119	10091	9701	0,5918	0,5966	0,3455	0,5871	0,5966	0,4129	0,6284
63	0,9	false	0,50	361	29018	192	23689	0,0293	0,0150	0,0066	0,6528	0,0150	0,3472	0,5516
63	0,9	true	1,00	15177	18421	10789	8873	0,6069	0,6311	0,3694	0,5845	0,6311	0,4155	0,6308
64	0,1	false	0,04	55	29189	21	23995	0,0046	0,0023	0,0007	0,7237	0,0023	0,2763	0,5491
64	0,1	true	1,00	13611	19369	9841	10439	0,5731	0,5659	0,3369	0,5804	0,5659	0,4196	0,6192
64	0,2	false	0,04	34	29188	22	24016	0,0028	0,0014	0,0008	0,6071	0,0014	0,3929	0,5487
64	0,2	true	1,00	11691	21084	8126	12359	0,5330	0,4861	0,2782	0,5899	0,4861	0,4101	0,6154
64	0,3	false	0,10	17	29210	0	24033	0,0014	0,0007	0,0000	1,0000	0,0007	0,0000	0,5488
64	0,3	true	1,00	11350	20993	8217	12700	0,5204	0,4719	0,2813	0,5801	0,4719	0,4199	0,6073
64	0,4	false	0,16	5	29207	3	24045	0,0004	0,0002	0,0001	0,6250	0,0002	0,3750	0,5485
64	0,4	true	1,00	11226	20894	8316	12824	0,5150	0,4668	0,2847	0,5745	0,4668	0,4255	0,6031
64	0,7	false	0,50	14	29201	9	24036	0,0012	0,0006	0,0003	0,6087	0,0006	0,3913	0,5485
64	0,7	true	1,00	12875	20089	9121	11175	0,5592	0,5353	0,3123	0,5853	0,5353	0,4147	0,6189
64	0,8	false	0,50	364	29024	186	23686	0,0296	0,0151	0,0064	0,6618	0,0151	0,3382	0,5518
64	0,8	true	1,00	14225	19166	10044	9825	0,5888	0,5915	0,3439	0,5861	0,5915	0,4139	0,6269
64	0,9	false	0,50	394	29002	208	23656	0,0320	0,0164	0,0071	0,6545	0,0164	0,3455	0,5519
64	0,9	true	1,00	15643	17997	11213	8407	0,6146	0,6504	0,3839	0,5825	0,6504	0,4175	0,6316
														
														
