k	t	bipart	threshold	tp	tn	fp	fn	fmeasure	tprate	fprate	precision	recall	fallout	acc
16	0,1	false	0,15	1	4108	1	1513	0,0013	0,0007	0,0002	0,5000	0,0007	0,5000	0,7307
16	0,1	true	1,00	244	3905	204	1270	0,2487	0,1612	0,0496	0,5446	0,1612	0,4554	0,7379
16	0,2	false	0,17	1	4109	0	1513	0,0013	0,0007	0,0000	1,0000	0,0007	0,0000	0,7309
16	0,2	true	1,00	244	3887	222	1270	0,2465	0,1612	0,0540	0,5236	0,1612	0,4764	0,7347
16	0,3	false	0,25	1	4109	0	1513	0,0013	0,0007	0,0000	1,0000	0,0007	0,0000	0,7309
16	0,3	true	1,00	235	3895	214	1279	0,2394	0,1552	0,0521	0,5234	0,1552	0,4766	0,7345
16	0,4	false	0,33	1	4108	1	1513	0,0013	0,0007	0,0002	0,5000	0,0007	0,5000	0,7307
16	0,4	true	1,00	237	3913	196	1277	0,2435	0,1565	0,0477	0,5473	0,1565	0,4527	0,7380
16	0,7	true	1,00	207	3932	177	1307	0,2181	0,1367	0,0431	0,5391	0,1367	0,4609	0,7361
16	0,7	false	0,33	1	4108	1	1513	0,0013	0,0007	0,0002	0,5000	0,0007	0,5000	0,7307
16	0,8	true	1,00	234	3871	238	1280	0,2356	0,1546	0,0579	0,4958	0,1546	0,5042	0,7300
16	0,8	false	0,60	0	4108	1	1514	0,0000	0,0000	0,0002	0,0000	0,0000	1,0000	0,7306
16	0,9	false	0,43	0	4108	1	1514	0,0000	0,0000	0,0002	0,0000	0,0000	1,0000	0,7306
16	0,9	true	1,00	213	3911	198	1301	0,2213	0,1407	0,0482	0,5182	0,1407	0,4818	0,7334
17	0,1	false	0,09	5	4104	5	1509	0,0066	0,0033	0,0012	0,5000	0,0033	0,5000	0,7307
17	0,1	true	1,00	283	3868	241	1231	0,2777	0,1869	0,0587	0,5401	0,1869	0,4599	0,7382
17	0,2	false	0,11	5	4107	2	1509	0,0066	0,0033	0,0005	0,7143	0,0033	0,2857	0,7313
17	0,2	true	1,00	258	3870	239	1256	0,2566	0,1704	0,0582	0,5191	0,1704	0,4809	0,7341
17	0,3	false	0,25	1	4109	0	1513	0,0013	0,0007	0,0000	1,0000	0,0007	0,0000	0,7309
17	0,3	true	1,00	209	3913	196	1305	0,2178	0,1380	0,0477	0,5160	0,1380	0,4840	0,7331
17	0,4	false	0,33	4	4108	1	1510	0,0053	0,0026	0,0002	0,8000	0,0026	0,2000	0,7313
17	0,4	true	1,00	213	3926	183	1301	0,2230	0,1407	0,0445	0,5379	0,1407	0,4621	0,7361
17	0,7	false	0,33	0	4108	1	1514	0,0000	0,0000	0,0002	0,0000	0,0000	1,0000	0,7306
17	0,7	true	1,00	217	3933	176	1297	0,2276	0,1433	0,0428	0,5522	0,1433	0,4478	0,7380
17	0,8	false	0,40	1	4109	0	1513	0,0013	0,0007	0,0000	1,0000	0,0007	0,0000	0,7309
17	0,8	true	1,00	215	3877	232	1299	0,2193	0,1420	0,0565	0,4810	0,1420	0,5190	0,7277
17	0,9	true	1,00	208	3892	217	1306	0,2145	0,1374	0,0528	0,4894	0,1374	0,5106	0,7291
17	0,9	false	0,27	1	4109	0	1513	0,0013	0,0007	0,0000	1,0000	0,0007	0,0000	0,7309
18	0,1	false	0,09	1	4109	0	1513	0,0013	0,0007	0,0000	1,0000	0,0007	0,0000	0,7309
18	0,1	true	1,00	306	3832	277	1208	0,2918	0,2021	0,0674	0,5249	0,2021	0,4751	0,7359
18	0,2	false	0,10	4	4107	2	1510	0,0053	0,0026	0,0005	0,6667	0,0026	0,3333	0,7311
18	0,2	true	1,00	243	3852	257	1271	0,2413	0,1605	0,0625	0,4860	0,1605	0,5140	0,7283
18	0,3	false	0,20	1	4109	0	1513	0,0013	0,0007	0,0000	1,0000	0,0007	0,0000	0,7309
18	0,3	true	1,00	252	3875	234	1262	0,2520	0,1664	0,0569	0,5185	0,1664	0,4815	0,7339
18	0,4	false	0,40	0	4108	1	1514	0,0000	0,0000	0,0002	0,0000	0,0000	1,0000	0,7306
18	0,4	true	1,00	229	3910	199	1285	0,2358	0,1513	0,0484	0,5350	0,1513	0,4650	0,7361
18	0,7	false	0,29	0	4108	1	1514	0,0000	0,0000	0,0002	0,0000	0,0000	1,0000	0,7306
18	0,7	true	1,00	206	3909	200	1308	0,2146	0,1361	0,0487	0,5074	0,1361	0,4926	0,7318
18	0,8	false	0,17	1	4108	1	1513	0,0013	0,0007	0,0002	0,5000	0,0007	0,5000	0,7307
18	0,8	true	1,00	206	3904	205	1308	0,2140	0,1361	0,0499	0,5012	0,1361	0,4988	0,7309
18	0,9	false	0,25	1	4108	1	1513	0,0013	0,0007	0,0002	0,5000	0,0007	0,5000	0,7307
18	0,9	true	1,00	212	3891	218	1302	0,2181	0,1400	0,0531	0,4930	0,1400	0,5070	0,7297
19	0,1	false	0,08	1	4109	0	1513	0,0013	0,0007	0,0000	1,0000	0,0007	0,0000	0,7309
19	0,1	true	1,00	260	3819	290	1254	0,2519	0,1717	0,0706	0,4727	0,1717	0,5273	0,7254
19	0,2	false	0,09	12	4099	10	1502	0,0156	0,0079	0,0024	0,5455	0,0079	0,4545	0,7311
19	0,2	true	1,00	260	3863	246	1254	0,2574	0,1717	0,0599	0,5138	0,1717	0,4862	0,7332
19	0,3	false	0,14	1	4108	1	1513	0,0013	0,0007	0,0002	0,5000	0,0007	0,5000	0,7307
19	0,3	true	1,00	233	3895	214	1281	0,2376	0,1539	0,0521	0,5213	0,1539	0,4787	0,7341
19	0,4	false	0,40	0	4108	1	1514	0,0000	0,0000	0,0002	0,0000	0,0000	1,0000	0,7306
19	0,4	true	1,00	223	3938	171	1291	0,2338	0,1473	0,0416	0,5660	0,1473	0,4340	0,7400
19	0,7	false	0,33	2	4108	1	1512	0,0026	0,0013	0,0002	0,6667	0,0013	0,3333	0,7309
19	0,7	true	1,00	219	3896	213	1295	0,2251	0,1446	0,0518	0,5069	0,1446	0,4931	0,7318
19	0,8	false	0,22	1	4109	0	1513	0,0013	0,0007	0,0000	1,0000	0,0007	0,0000	0,7309
19	0,8	true	1,00	218	3886	223	1296	0,2230	0,1440	0,0543	0,4943	0,1440	0,5057	0,7299
19	0,9	false	0,38	0	4108	1	1514	0,0000	0,0000	0,0002	0,0000	0,0000	1,0000	0,7306
19	0,9	true	1,00	207	3917	192	1307	0,2164	0,1367	0,0467	0,5188	0,1367	0,4812	0,7334
20	0,1	false	0,08	1	4109	0	1513	0,0013	0,0007	0,0000	1,0000	0,0007	0,0000	0,7309
20	0,1	true	1,00	229	3822	287	1285	0,2256	0,1513	0,0698	0,4438	0,1513	0,5562	0,7204
20	0,2	false	0,09	5	4108	1	1509	0,0066	0,0033	0,0002	0,8333	0,0033	0,1667	0,7315
20	0,2	true	1,00	264	3833	276	1250	0,2571	0,1744	0,0672	0,4889	0,1744	0,5111	0,7286
20	0,3	false	0,17	1	4106	3	1513	0,0013	0,0007	0,0007	0,2500	0,0007	0,7500	0,7304
20	0,3	true	1,00	228	3890	219	1286	0,2325	0,1506	0,0533	0,5101	0,1506	0,4899	0,7323
20	0,4	false	0,20	2	4108	1	1512	0,0026	0,0013	0,0002	0,6667	0,0013	0,3333	0,7309
20	0,4	true	1,00	211	3921	188	1303	0,2206	0,1394	0,0458	0,5288	0,1394	0,4712	0,7348
20	0,7	false	0,25	1	4109	0	1513	0,0013	0,0007	0,0000	1,0000	0,0007	0,0000	0,7309
20	0,7	true	1,00	217	3907	202	1297	0,2245	0,1433	0,0492	0,5179	0,1433	0,4821	0,7334
20	0,8	false	0,20	1	4109	0	1513	0,0013	0,0007	0,0000	1,0000	0,0007	0,0000	0,7309
20	0,8	true	1,00	212	3904	205	1302	0,2196	0,1400	0,0499	0,5084	0,1400	0,4916	0,7320
20	0,9	false	0,22	0	4108	1	1514	0,0000	0,0000	0,0002	0,0000	0,0000	1,0000	0,7306
20	0,9	true	1,00	208	3913	196	1306	0,2169	0,1374	0,0477	0,5149	0,1374	0,4851	0,7329
21	0,1	false	0,07	5	4107	2	1509	0,0066	0,0033	0,0005	0,7143	0,0033	0,2857	0,7313
21	0,1	true	1,00	262	3855	254	1252	0,2581	0,1731	0,0618	0,5078	0,1731	0,4922	0,7322
21	0,2	false	0,08	4	4108	1	1510	0,0053	0,0026	0,0002	0,8000	0,0026	0,2000	0,7313
21	0,2	true	1,00	255	3886	223	1259	0,2560	0,1684	0,0543	0,5335	0,1684	0,4665	0,7364
21	0,3	false	0,11	1	4109	0	1513	0,0013	0,0007	0,0000	1,0000	0,0007	0,0000	0,7309
21	0,3	true	1,00	206	3910	199	1308	0,2147	0,1361	0,0484	0,5086	0,1361	0,4914	0,7320
21	0,4	false	0,38	0	4108	1	1514	0,0000	0,0000	0,0002	0,0000	0,0000	1,0000	0,7306
21	0,4	true	1,00	214	3917	192	1300	0,2229	0,1413	0,0467	0,5271	0,1413	0,4729	0,7347
21	0,7	true	1,00	205	3904	205	1309	0,2131	0,1354	0,0499	0,5000	0,1354	0,5000	0,7307
21	0,8	false	0,22	1	4109	0	1513	0,0013	0,0007	0,0000	1,0000	0,0007	0,0000	0,7309
21	0,8	true	1,00	203	3910	199	1311	0,2119	0,1341	0,0484	0,5050	0,1341	0,4950	0,7315
21	0,9	false	0,25	0	4108	1	1514	0,0000	0,0000	0,0002	0,0000	0,0000	1,0000	0,7306
21	0,9	true	1,00	228	3901	208	1286	0,2338	0,1506	0,0506	0,5229	0,1506	0,4771	0,7343
22	0,1	false	0,06	16	4101	8	1498	0,0208	0,0106	0,0019	0,6667	0,0106	0,3333	0,7322
22	0,1	true	1,00	253	3865	244	1261	0,2516	0,1671	0,0594	0,5091	0,1671	0,4909	0,7323
22	0,2	false	0,07	5	4106	3	1509	0,0066	0,0033	0,0007	0,6250	0,0033	0,3750	0,7311
22	0,2	true	1,00	244	3859	250	1270	0,2430	0,1612	0,0608	0,4939	0,1612	0,5061	0,7297
22	0,3	false	0,13	1	4109	0	1513	0,0013	0,0007	0,0000	1,0000	0,0007	0,0000	0,7309
22	0,3	true	1,00	217	3919	190	1297	0,2259	0,1433	0,0462	0,5332	0,1433	0,4668	0,7356
22	0,4	false	0,22	0	4108	1	1514	0,0000	0,0000	0,0002	0,0000	0,0000	1,0000	0,7306
22	0,4	true	1,00	228	3923	186	1286	0,2365	0,1506	0,0453	0,5507	0,1506	0,4493	0,7382
22	0,7	false	0,30	0	4108	1	1514	0,0000	0,0000	0,0002	0,0000	0,0000	1,0000	0,7306
22	0,7	true	1,00	191	3941	168	1323	0,2040	0,1262	0,0409	0,5320	0,1262	0,4680	0,7348
22	0,8	false	0,17	1	4108	1	1513	0,0013	0,0007	0,0002	0,5000	0,0007	0,5000	0,7307
22	0,8	true	1,00	209	3915	194	1305	0,2180	0,1380	0,0472	0,5186	0,1380	0,4814	0,7334
22	0,9	false	0,17	1	4108	1	1513	0,0013	0,0007	0,0002	0,5000	0,0007	0,5000	0,7307
22	0,9	true	1,00	200	3916	193	1314	0,2098	0,1321	0,0470	0,5089	0,1321	0,4911	0,7320
23	0,1	false	0,06	8	4106	3	1506	0,0105	0,0053	0,0007	0,7273	0,0053	0,2727	0,7316
23	0,1	true	1,00	237	3829	280	1277	0,2334	0,1565	0,0681	0,4584	0,1565	0,5416	0,7231
23	0,2	false	0,07	1	4109	0	1513	0,0013	0,0007	0,0000	1,0000	0,0007	0,0000	0,7309
23	0,2	true	1,00	249	3866	243	1265	0,2483	0,1645	0,0591	0,5061	0,1645	0,4939	0,7318
23	0,3	false	0,09	1	4109	0	1513	0,0013	0,0007	0,0000	1,0000	0,0007	0,0000	0,7309
23	0,3	true	1,00	211	3916	193	1303	0,2200	0,1394	0,0470	0,5223	0,1394	0,4777	0,7339
23	0,4	false	0,14	0	4108	1	1514	0,0000	0,0000	0,0002	0,0000	0,0000	1,0000	0,7306
23	0,4	true	1,00	220	3914	195	1294	0,2281	0,1453	0,0475	0,5301	0,1453	0,4699	0,7352
23	0,7	false	0,17	1	4108	1	1513	0,0013	0,0007	0,0002	0,5000	0,0007	0,5000	0,7307
23	0,7	true	1,00	197	3923	186	1317	0,2077	0,1301	0,0453	0,5144	0,1301	0,4856	0,7327
23	0,8	false	0,14	1	4109	0	1513	0,0013	0,0007	0,0000	1,0000	0,0007	0,0000	0,7309
23	0,8	true	1,00	201	3932	177	1313	0,2125	0,1328	0,0431	0,5317	0,1328	0,4683	0,7350
23	0,9	false	0,14	0	4108	1	1514	0,0000	0,0000	0,0002	0,0000	0,0000	1,0000	0,7306
23	0,9	true	1,00	203	3910	199	1311	0,2119	0,1341	0,0484	0,5050	0,1341	0,4950	0,7315
24	0,1	false	0,06	4	4107	2	1510	0,0053	0,0026	0,0005	0,6667	0,0026	0,3333	0,7311
24	0,1	true	1,00	295	3869	240	1219	0,2879	0,1948	0,0584	0,5514	0,1948	0,4486	0,7405
24	0,2	false	0,07	10	4101	8	1504	0,0131	0,0066	0,0019	0,5556	0,0066	0,4444	0,7311
24	0,2	true	1,00	248	3850	259	1266	0,2454	0,1638	0,0630	0,4892	0,1638	0,5108	0,7288
24	0,3	false	0,14	1	4109	0	1513	0,0013	0,0007	0,0000	1,0000	0,0007	0,0000	0,7309
24	0,3	true	1,00	225	3903	206	1289	0,2314	0,1486	0,0501	0,5220	0,1486	0,4780	0,7341
24	0,4	false	0,15	2	4108	1	1512	0,0026	0,0013	0,0002	0,6667	0,0013	0,3333	0,7309
24	0,4	true	1,00	221	3931	178	1293	0,2311	0,1460	0,0433	0,5539	0,1460	0,4461	0,7384
24	0,7	false	0,15	1	4109	0	1513	0,0013	0,0007	0,0000	1,0000	0,0007	0,0000	0,7309
24	0,7	true	1,00	192	3922	187	1322	0,2029	0,1268	0,0455	0,5066	0,1268	0,4934	0,7316
24	0,8	false	0,20	1	4109	0	1513	0,0013	0,0007	0,0000	1,0000	0,0007	0,0000	0,7309
24	0,8	true	1,00	195	3934	175	1319	0,2070	0,1288	0,0426	0,5270	0,1288	0,4730	0,7343
24	0,9	false	0,13	1	4108	1	1513	0,0013	0,0007	0,0002	0,5000	0,0007	0,5000	0,7307
24	0,9	true	1,00	202	3935	174	1312	0,2138	0,1334	0,0423	0,5372	0,1334	0,4628	0,7357
