id	k	t	bipart	tp	tn	fp	fn	fmeasure	tprate	fprate	precision	recall	fallcout	acc
148	19	0.3	true	228	7963	137	6956	0,060405352	0,031737194	0,01691358	0,624657534	0,031737194	0,375342466	0,535919916
166	24	0.1	true	262	7927	173	6922	0,06877543	0,036469933	0,021358025	0,602298851	0,036469933	0,397701149	0,53578906
418	3	0.6	true	280	7906	194	6904	0,073126143	0,038975501	0,023950617	0,5907173	0,038975501	0,4092827	0,535592777
416	11	0.6	true	199	7968	132	6985	0,052960745	0,027700445	0,016296296	0,601208459	0,027700445	0,398791541	0,534349647
100	15	0.3	true	368	7795	305	6816	0,09367443	0,051224944	0,037654321	0,546805349	0,051224944	0,453194651	0,534087935
301	9	0.1	true	135	8021	79	7049	0,03649635	0,018791759	0,009753086	0,630841121	0,018791759	0,369158879	0,53362994
326	29	0.4	true	137	8019	81	7047	0,037017022	0,019070156	0,01	0,628440367	0,019070156	0,371559633	0,53362994
336	17	0.7	true	158	7997	103	7026	0,042444594	0,021993318	0,012716049	0,605363985	0,021993318	0,394636015	0,533564512
758	18	0.3	true	209	7942	158	6975	0,055356906	0,029092428	0,019506173	0,569482289	0,029092428	0,430517711	0,5333028
153	4	0.1	true	261	7889	211	6923	0,068181818	0,036330735	0,026049383	0,552966102	0,036330735	0,447033898	0,533237372
642	10	0.6	true	152	7997	103	7032	0,040865708	0,021158129	0,012716049	0,596078431	0,021158129	0,403921569	0,533171945
837	5	0.5	true	139	8010	90	7045	0,037501686	0,019348552	0,011111111	0,6069869	0,019348552	0,3930131	0,533171945
668	20	0.6	true	166	7982	118	7018	0,044456347	0,023106904	0,014567901	0,584507042	0,023106904	0,415492958	0,533106517
204	22	0.7	true	125	8021	79	7059	0,033838657	0,017399777	0,009753086	0,612745098	0,017399777	0,387254902	0,532975661
700	13	0.9	true	95	8051	49	7089	0,025927948	0,013223831	0,006049383	0,659722222	0,013223831	0,340277778	0,532975661
264	31	0.1	true	143	8002	98	7041	0,038518519	0,019905345	0,012098765	0,593360996	0,019905345	0,406639004	0,532910233
436	27	0.6	true	157	7988	112	7027	0,042130686	0,02185412	0,01382716	0,583643123	0,02185412	0,416356877	0,532910233
288	10	0.1	true	180	7964	136	7004	0,048	0,025055679	0,016790123	0,569620253	0,025055679	0,430379747	0,532844805
236	35	0.3	true	164	7979	121	7020	0,043914848	0,022828508	0,014938272	0,575438596	0,022828508	0,424561404	0,532779377
59	34	0.5	true	165	7977	123	7019	0,044164882	0,022967706	0,015185185	0,572916667	0,022967706	0,427083333	0,532713949
855	7	0.8	true	118	8024	76	7066	0,031986988	0,01642539	0,009382716	0,608247423	0,01642539	0,391752577	0,532713949
848	22	0.6	true	120	8021	79	7064	0,032507111	0,016703786	0,009753086	0,603015075	0,016703786	0,396984925	0,532648521
180	8	0.8	true	99	8041	59	7085	0,026968129	0,013780624	0,007283951	0,626582278	0,013780624	0,373417722	0,532583093
574	29	0.8	true	94	8046	54	7090	0,025641026	0,013084633	0,006666667	0,635135135	0,013084633	0,364864865	0,532583093
111	15	0.9	true	109	8030	70	7075	0,029607497	0,015172606	0,008641975	0,608938547	0,015172606	0,391061453	0,532517666
307	24	0.2	true	378	7761	339	6806	0,095684091	0,052616927	0,041851852	0,527196653	0,052616927	0,472803347	0,532517666
891	35	0.9	true	103	8036	64	7081	0,028023398	0,014337416	0,007901235	0,616766467	0,014337416	0,383233533	0,532517666
457	33	0.5	true	120	8018	82	7064	0,032493907	0,016703786	0,010123457	0,594059406	0,016703786	0,405940594	0,532452238
665	9	0.6	true	118	8020	80	7066	0,031969656	0,01642539	0,009876543	0,595959596	0,01642539	0,404040404	0,532452238
339	29	0.9	true	118	8019	81	7066	0,031965326	0,01642539	0,01	0,592964824	0,01642539	0,407035176	0,53238681
468	28	0.9	true	110	8027	73	7074	0,029862902	0,015311804	0,009012346	0,601092896	0,015311804	0,398907104	0,53238681
602	37	0.9	true	108	8029	71	7076	0,029335869	0,015033408	0,008765432	0,603351955	0,015033408	0,396648045	0,53238681
716	22	0.8	true	116	8021	79	7068	0,031440575	0,016146993	0,009753086	0,594871795	0,016146993	0,405128205	0,53238681
52	2	0.5	true	161	7975	125	7023	0,043105756	0,022410913	0,015432099	0,562937063	0,022410913	0,437062937	0,532321382
131	28	0.8	true	115	8021	79	7069	0,03117376	0,016007795	0,009753086	0,592783505	0,016007795	0,407216495	0,532321382
702	29	0.3	true	146	7990	110	7038	0,039247312	0,02032294	0,013580247	0,5703125	0,02032294	0,4296875	0,532321382
868	5	0.9	true	116	8020	80	7068	0,031436314	0,016146993	0,009876543	0,591836735	0,016146993	0,408163265	0,532321382
318	5	0.7	true	195	7940	160	6989	0,051730999	0,027143653	0,019753086	0,549295775	0,027143653	0,450704225	0,532255954
491	12	0.9	true	95	8040	60	7089	0,025889086	0,013223831	0,007407407	0,612903226	0,013223831	0,387096774	0,532255954
535	14	0.9	true	106	8029	71	7078	0,028800435	0,014755011	0,008765432	0,598870056	0,014755011	0,401129944	0,532255954
619	25	0.8	true	101	8034	66	7083	0,027479255	0,01405902	0,008148148	0,604790419	0,01405902	0,395209581	0,532255954
90	10	0.8	true	131	8003	97	7053	0,035348084	0,018234967	0,011975309	0,574561404	0,018234967	0,425438596	0,532190526
177	14	0.8	true	102	8032	68	7082	0,027740005	0,014198218	0,008395062	0,6	0,014198218	0,4	0,532190526
258	10	0.9	true	95	8039	61	7089	0,025885559	0,013223831	0,007530864	0,608974359	0,013223831	0,391025641	0,532190526
370	33	0.7	true	157	7977	123	7027	0,042068596	0,02185412	0,015185185	0,560714286	0,02185412	0,439285714	0,532190526
380	27	0.8	true	114	8020	80	7070	0,030902684	0,015868597	0,009876543	0,587628866	0,015868597	0,412371134	0,532190526
655	13	0.8	true	123	8011	89	7061	0,033261222	0,017121381	0,010987654	0,580188679	0,017121381	0,419811321	0,532190526
660	37	0.8	true	104	8030	70	7080	0,028268551	0,014476615	0,008641975	0,597701149	0,014476615	0,402298851	0,532190526
788	16	0.7	true	123	8011	89	7061	0,033261222	0,017121381	0,010987654	0,580188679	0,017121381	0,419811321	0,532190526
22	11	0.8	true	99	8034	66	7085	0,026942441	0,013780624	0,008148148	0,6	0,013780624	0,4	0,532125098
6	15	0.8	true	104	8029	71	7080	0,02826471	0,014476615	0,008765432	0,594285714	0,014476615	0,405714286	0,532125098
26	23	0.9	true	123	8010	90	7061	0,033256726	0,017121381	0,011111111	0,577464789	0,017121381	0,422535211	0,532125098
104	4	0.9	true	110	8023	77	7074	0,029846697	0,015311804	0,009506173	0,588235294	0,015311804	0,411764706	0,532125098
144	34	0.1	true	273	7860	240	6911	0,070936729	0,038001114	0,02962963	0,532163743	0,038001114	0,467836257	0,532125098
213	24	0.9	true	113	8020	80	7071	0,03063576	0,015729399	0,009876543	0,585492228	0,015729399	0,414507772	0,532125098
273	28	0.7	true	78	8055	45	7106	0,021349391	0,010857461	0,005555556	0,634146341	0,010857461	0,365853659	0,532125098
294	34	0.7	true	146	7987	113	7038	0,039231493	0,02032294	0,013950617	0,563706564	0,02032294	0,436293436	0,532125098
325	26	0.9	true	115	8018	82	7069	0,031161089	0,016007795	0,010123457	0,583756345	0,016007795	0,416243655	0,532125098
584	17	0.8	true	109	8024	76	7075	0,02958339	0,015172606	0,009382716	0,589189189	0,015172606	0,410810811	0,532125098
675	31	0.7	true	121	8012	88	7063	0,032733667	0,016842984	0,010864198	0,578947368	0,016842984	0,421052632	0,532125098
707	35	0.8	true	112	8021	79	7072	0,030372881	0,0155902	0,009753086	0,586387435	0,0155902	0,413612565	0,532125098
759	7	0.7	true	76	8057	43	7108	0,020813364	0,010579065	0,005308642	0,638655462	0,010579065	0,361344538	0,532125098
246	23	0.8	true	117	8015	85	7067	0,03168156	0,016286192	0,010493827	0,579207921	0,016286192	0,420792079	0,53205967
347	11	0.9	true	125	8007	93	7059	0,033774655	0,017399777	0,011481481	0,573394495	0,017399777	0,426605505	0,53205967
351	32	0.9	true	106	8026	74	7078	0,028788702	0,014755011	0,009135802	0,588888889	0,014755011	0,411111111	0,53205967
664	15	0.7	true	132	8000	100	7052	0,035598706	0,018374165	0,012345679	0,568965517	0,018374165	0,431034483	0,53205967
726	18	0.8	true	127	8005	95	7057	0,034296516	0,017678174	0,011728395	0,572072072	0,017678174	0,427927928	0,53205967
866	6	0.8	true	107	8025	75	7077	0,029052403	0,014894209	0,009259259	0,587912088	0,014894209	0,412087912	0,53205967
105	9	0.9	true	102	8029	71	7082	0,027728694	0,014198218	0,008765432	0,589595376	0,014198218	0,410404624	0,531994242
126	32	0.8	true	115	8016	84	7069	0,031152648	0,016007795	0,01037037	0,577889447	0,016007795	0,422110553	0,531994242
386	6	0.4	true	361	7770	330	6823	0,09168254	0,050250557	0,040740741	0,522431259	0,050250557	0,477568741	0,531994242
437	27	0.9	true	96	8035	65	7088	0,026140231	0,013363029	0,008024691	0,596273292	0,013363029	0,403726708	0,531994242
688	6	0.6	true	125	8006	94	7059	0,033770093	0,017399777	0,011604938	0,570776256	0,017399777	0,429223744	0,531994242
103	31	0.5	true	150	7980	120	7034	0,040246847	0,020879733	0,014814815	0,555555556	0,020879733	0,444444444	0,531928814
305	26	0.8	true	118	8012	88	7066	0,031935047	0,01642539	0,010864198	0,572815534	0,01642539	0,427184466	0,531928814
364	6	0.9	true	118	8012	88	7066	0,031935047	0,01642539	0,010864198	0,572815534	0,01642539	0,427184466	0,531928814
359	21	0.8	true	103	8027	73	7081	0,02798913	0,014337416	0,009012346	0,585227273	0,014337416	0,414772727	0,531928814
425	12	0.8	true	111	8019	81	7073	0,030097614	0,015451002	0,01	0,578125	0,015451002	0,421875	0,531928814
510	18	0.9	true	103	8027	73	7081	0,02798913	0,014337416	0,009012346	0,585227273	0,014337416	0,414772727	0,531928814
545	33	0.8	true	96	8034	66	7088	0,026136673	0,013363029	0,008148148	0,592592593	0,013363029	0,407407407	0,531928814
735	30	0.2	true	356	7774	326	6828	0,090516145	0,049554566	0,040246914	0,521994135	0,049554566	0,478005865	0,531928814
19	25	0.9	true	118	8011	89	7066	0,031930727	0,01642539	0,010987654	0,570048309	0,01642539	0,429951691	0,531863387
145	3	0.5	true	117	8012	88	7067	0,031668697	0,016286192	0,010864198	0,570731707	0,016286192	0,429268293	0,531863387
167	33	0.9	true	112	8017	83	7072	0,030356417	0,0155902	0,010246914	0,574358974	0,0155902	0,425641026	0,531863387
251	20	0.9	true	115	8014	86	7069	0,031144211	0,016007795	0,010617284	0,572139303	0,016007795	0,427860697	0,531863387
255	31	0.8	true	98	8031	69	7086	0,026663039	0,013641425	0,008518519	0,586826347	0,013641425	0,413173653	0,531863387
342	4	0.7	true	134	7995	105	7050	0,036104001	0,018652561	0,012962963	0,560669456	0,018652561	0,439330544	0,531863387
353	10	0.3	true	374	7755	345	6810	0,094647602	0,052060134	0,042592593	0,520166898	0,052060134	0,479833102	0,531863387
490	30	0.9	true	114	8015	85	7070	0,030881755	0,015868597	0,010493827	0,572864322	0,015868597	0,427135678	0,531863387
592	8	0.9	true	105	8024	76	7079	0,028513238	0,014615813	0,009382716	0,580110497	0,014615813	0,419889503	0,531863387
650	21	0.9	true	116	8013	87	7068	0,031406525	0,016146993	0,010740741	0,571428571	0,016146993	0,428571429	0,531863387
56	11	0.7	true	111	8017	83	7073	0,030089455	0,015451002	0,010246914	0,572164948	0,015451002	0,427835052	0,531797959
91	9	0.7	true	115	8013	87	7069	0,031139995	0,016007795	0,010740741	0,569306931	0,016007795	0,430693069	0,531797959
407	22	0.9	true	120	8008	92	7064	0,032449973	0,016703786	0,011358025	0,566037736	0,016703786	0,433962264	0,531797959
667	13	0.7	true	129	7999	101	7055	0,034799029	0,01795657	0,012469136	0,560869565	0,01795657	0,439130435	0,531797959
682	2	0.6	true	282	7846	254	6902	0,073056995	0,039253898	0,031358025	0,526119403	0,039253898	0,473880597	0,531797959
810	9	0.8	true	122	8006	94	7062	0,032972973	0,016982183	0,011604938	0,564814815	0,016982183	0,435185185	0,531797959
256	30	0.8	true	127	8000	100	7057	0,034273377	0,017678174	0,012345679	0,559471366	0,017678174	0,440528634	0,531732531
392	32	0.6	true	93	8034	66	7091	0,025330246	0,012945434	0,008148148	0,58490566	0,012945434	0,41509434	0,531732531
435	8	0.5	true	109	8018	82	7075	0,029559322	0,015172606	0,010123457	0,570680628	0,015172606	0,429319372	0,531732531
11	32	0.7	true	58	8068	32	7126	0,015947209	0,008073497	0,003950617	0,644444444	0,008073497	0,355555556	0,531667103
274	16	0.8	true	105	8021	79	7079	0,028501629	0,014615813	0,009753086	0,570652174	0,014615813	0,429347826	0,531667103
691	24	0.6	true	122	8004	96	7062	0,032964064	0,016982183	0,011851852	0,559633028	0,016982183	0,440366972	0,531667103
809	36	0.8	true	99	8027	73	7085	0,026916803	0,013780624	0,009012346	0,575581395	0,013780624	0,424418605	0,531667103
870	5	0.8	true	129	7997	103	7055	0,034789644	0,01795657	0,012716049	0,556034483	0,01795657	0,443965517	0,531667103
101	23	0.4	true	92	8033	67	7092	0,025057878	0,012806236	0,008271605	0,578616352	0,012806236	0,421383648	0,531601675
350	36	0.9	true	90	8035	65	7094	0,024526502	0,01252784	0,008024691	0,580645161	0,01252784	0,419354839	0,531601675
453	19	0.8	true	93	8032	68	7091	0,025323349	0,012945434	0,008395062	0,577639752	0,012945434	0,422360248	0,531601675
594	31	0.9	true	123	8002	98	7061	0,033220797	0,017121381	0,012098765	0,556561086	0,017121381	0,443438914	0,531601675
29	4	0.6	true	152	7972	128	7032	0,040728832	0,021158129	0,015802469	0,542857143	0,021158129	0,457142857	0,531536247
45	24	0.3	true	235	7889	211	6949	0,061598952	0,032711581	0,026049383	0,52690583	0,032711581	0,47309417	0,531536247
2	21	0.2	true	333	7791	309	6851	0,085100946	0,046353007	0,038148148	0,518691589	0,046353007	0,481308411	0,531536247
299	24	0.8	true	111	8013	87	7073	0,030073151	0,015451002	0,010740741	0,560606061	0,015451002	0,439393939	0,531536247
734	34	0.9	true	102	8022	78	7082	0,027702336	0,014198218	0,00962963	0,566666667	0,014198218	0,433333333	0,531536247
827	3	0.8	true	63	8061	39	7121	0,017293439	0,008769488	0,004814815	0,617647059	0,008769488	0,382352941	0,531536247
474	23	0.6	true	111	8012	88	7073	0,030069078	0,015451002	0,010864198	0,557788945	0,015451002	0,442211055	0,531470819
599	8	0.7	true	139	7984	116	7045	0,037370614	0,019348552	0,014320988	0,545098039	0,019348552	0,454901961	0,531470819
644	4	0.8	true	106	8017	83	7078	0,02875356	0,014755011	0,010246914	0,560846561	0,014755011	0,439153439	0,531470819
381	17	0.9	true	127	7995	105	7057	0,03425027	0,017678174	0,012962963	0,547413793	0,017678174	0,452586207	0,531405391
503	3	0.7	true	111	8011	89	7073	0,030065005	0,015451002	0,010987654	0,555	0,015451002	0,445	0,531405391
593	29	0.6	true	107	8015	85	7077	0,029013015	0,014894209	0,010493827	0,557291667	0,014894209	0,442708333	0,531405391
661	7	0.5	true	56	8066	34	7128	0,015397305	0,0077951	0,004197531	0,622222222	0,0077951	0,377777778	0,531405391
775	19	0.9	true	118	8004	96	7066	0,031900514	0,01642539	0,011851852	0,551401869	0,01642539	0,448598131	0,531405391
882	7	0.9	true	94	8028	72	7090	0,025578231	0,013084633	0,008888889	0,56626506	0,013084633	0,43373494	0,531405391
106	25	0.5	true	155	7966	134	7029	0,041482671	0,021575724	0,01654321	0,53633218	0,021575724	0,46366782	0,531339963
149	3	0.9	true	77	8044	56	7107	0,021046877	0,010718263	0,00691358	0,578947368	0,010718263	0,421052632	0,531339963
570	34	0.8	true	97	8024	76	7087	0,026369444	0,013502227	0,009382716	0,560693642	0,013502227	0,439306358	0,531339963
638	18	0.1	true	359	7762	338	6825	0,09110519	0,04997216	0,041728395	0,515064562	0,04997216	0,484935438	0,531339963
859	13	0.1	true	275	7846	254	6909	0,071308181	0,03827951	0,031358025	0,519848771	0,03827951	0,480151229	0,531339963
37	26	0.5	true	93	8027	73	7091	0,025306122	0,012945434	0,009012346	0,560240964	0,012945434	0,439759036	0,531274535
277	16	0.9	true	112	8008	92	7072	0,030319437	0,0155902	0,011358025	0,549019608	0,0155902	0,450980392	0,531274535
480	20	0.8	true	98	8022	78	7086	0,026630435	0,013641425	0,00962963	0,556818182	0,013641425	0,443181818	0,531274535
244	27	0.1	true	233	7886	214	6951	0,061066702	0,032433185	0,026419753	0,521252796	0,032433185	0,478747204	0,531209108
319	35	0.6	true	48	8071	29	7136	0,013221319	0,006681514	0,003580247	0,623376623	0,006681514	0,376623377	0,531209108
615	37	0.7	true	81	8038	62	7103	0,022110004	0,011275056	0,007654321	0,566433566	0,011275056	0,433566434	0,531209108
873	10	0.7	true	143	7975	125	7041	0,038378959	0,019905345	0,015432099	0,53358209	0,019905345	0,46641791	0,53114368
884	7	0.4	true	88	8030	70	7096	0,02397167	0,012249443	0,008641975	0,556962025	0,012249443	0,443037975	0,53114368
379	22	0.5	true	113	8004	96	7071	0,030569458	0,015729399	0,011851852	0,540669856	0,015729399	0,459330144	0,531078252
8	16	0.5	true	111	8005	95	7073	0,030040595	0,015451002	0,011728395	0,538834951	0,015451002	0,461165049	0,531012824
38	26	0.6	true	82	8034	66	7102	0,022367703	0,011414254	0,008148148	0,554054054	0,011414254	0,445945946	0,531012824
87	7	0.6	true	137	7979	121	7047	0,03681806	0,019070156	0,014938272	0,531007752	0,019070156	0,468992248	0,531012824
160	17	0.6	true	92	8024	76	7092	0,025027203	0,012806236	0,009382716	0,547619048	0,012806236	0,452380952	0,531012824
449	18	0.6	true	87	8029	71	7097	0,023699265	0,012110245	0,008765432	0,550632911	0,012110245	0,449367089	0,531012824
499	34	0.6	true	93	8023	77	7091	0,025292358	0,012945434	0,009506173	0,547058824	0,012945434	0,452941176	0,531012824
684	2	0.7	true	64	8052	48	7120	0,01754386	0,008908686	0,005925926	0,571428571	0,008908686	0,428571429	0,531012824
804	30	0.5	true	112	8004	96	7072	0,03030303	0,0155902	0,011851852	0,538461538	0,0155902	0,461538462	0,531012824
445	37	0.5	true	109	8006	94	7075	0,029511304	0,015172606	0,011604938	0,536945813	0,015172606	0,463054187	0,530947396
553	37	0.6	true	161	7954	146	7023	0,042984915	0,022410913	0,018024691	0,524429967	0,022410913	0,475570033	0,530947396
847	12	0.7	true	59	8056	44	7125	0,016193221	0,008212695	0,005432099	0,572815534	0,008212695	0,427184466	0,530947396
617	15	0.6	true	66	8048	52	7118	0,018077239	0,009187082	0,006419753	0,559322034	0,009187082	0,440677966	0,530881968
813	37	0.1	true	237	7877	223	6947	0,062009419	0,032989978	0,027530864	0,515217391	0,032989978	0,484782609	0,530881968
522	9	0.2	true	425	7688	412	6759	0,105971824	0,059159243	0,050864198	0,50776583	0,059159243	0,49223417	0,53081654
742	23	0.3	true	220	7893	207	6964	0,057811063	0,030623608	0,025555556	0,515222482	0,030623608	0,484777518	0,53081654
729	29	0.7	true	55	8058	42	7129	0,015107815	0,007655902	0,005185185	0,567010309	0,007655902	0,432989691	0,53081654
849	28	0.1	true	239	7874	226	6945	0,062491829	0,033268374	0,027901235	0,513978495	0,033268374	0,486021505	0,53081654
867	2	0.9	true	51	8062	38	7133	0,014024474	0,007099109	0,004691358	0,573033708	0,007099109	0,426966292	0,53081654
183	14	0.5	true	61	8051	49	7123	0,016726076	0,008491091	0,006049383	0,554545455	0,008491091	0,445454545	0,530751112
211	7	0.1	true	368	7744	356	6816	0,093070309	0,051224944	0,043950617	0,508287293	0,051224944	0,491712707	0,530751112
741	2	0.8	true	55	8057	43	7129	0,01510574	0,007655902	0,005308642	0,56122449	0,007655902	0,43877551	0,530751112
49	17	0.3	true	307	7804	296	6877	0,078849364	0,042733853	0,03654321	0,509121061	0,042733853	0,490878939	0,530685684
20	27	0.7	true	84	8027	73	7100	0,022885166	0,01169265	0,009012346	0,535031847	0,01169265	0,464968153	0,530685684
532	6	0.7	true	84	8027	73	7100	0,022885166	0,01169265	0,009012346	0,535031847	0,01169265	0,464968153	0,530685684
771	29	0.5	true	41	8070	30	7143	0,01130255	0,005707127	0,003703704	0,577464789	0,005707127	0,422535211	0,530685684
886	16	0.4	true	189	7922	178	6995	0,050059595	0,026308463	0,021975309	0,514986376	0,026308463	0,485013624	0,530685684
209	36	0.7	true	52	8058	42	7132	0,01428964	0,007238307	0,005185185	0,553191489	0,007238307	0,446808511	0,530620256
224	24	0.7	true	72	8038	62	7112	0,019677508	0,010022272	0,007654321	0,537313433	0,010022272	0,462686567	0,530620256
296	28	0.2	true	202	7908	192	6982	0,05331222	0,02811804	0,023703704	0,512690355	0,02811804	0,487309645	0,530620256
629	14	0.2	true	233	7877	223	6951	0,060994764	0,032433185	0,027530864	0,510964912	0,032433185	0,489035088	0,530620256
717	12	0.5	true	70	8040	60	7114	0,019141373	0,009743875	0,007407407	0,538461538	0,009743875	0,461538462	0,530620256
820	25	0.7	true	53	8057	43	7131	0,01456044	0,007377506	0,005308642	0,552083333	0,007377506	0,447916667	0,530620256
865	20	0.7	true	16	8094	6	7168	0,004440744	0,002227171	7,41E+11	0,727272727	0,002227171	0,272727273	0,530620256
107	27	0.5	true	95	8014	86	7089	0,025797692	0,013223831	0,010617284	0,524861878	0,013223831	0,475138122	0,530554829
523	25	0.6	true	97	8012	88	7087	0,026326503	0,013502227	0,010864198	0,524324324	0,013502227	0,475675676	0,530554829
538	34	0.3	true	325	7784	316	6859	0,083067093	0,045239421	0,039012346	0,507020281	0,045239421	0,492979719	0,530554829
57	12	0.1	true	247	7861	239	6937	0,06440678	0,03438196	0,029506173	0,508230453	0,03438196	0,491769547	0,530489401
419	35	0.1	true	136	7972	128	7048	0,036519871	0,018930958	0,015802469	0,515151515	0,018930958	0,484848485	0,530489401
424	30	0.7	true	52	8056	44	7132	0,014285714	0,007238307	0,005432099	0,541666667	0,007238307	0,458333333	0,530489401
559	18	0.7	true	64	8044	56	7120	0,017524644	0,008908686	0,00691358	0,533333333	0,008908686	0,466666667	0,530489401
39	21	0.5	true	153	7954	146	7031	0,04089269	0,021297327	0,018024691	0,511705686	0,021297327	0,488294314	0,530423973
362	35	0.7	true	55	8052	48	7129	0,015095375	0,007655902	0,005925926	0,533980583	0,007655902	0,466019417	0,530423973
404	37	0.2	true	193	7914	186	6991	0,051037948	0,026865256	0,022962963	0,509234828	0,026865256	0,490765172	0,530423973
459	35	0.5	true	48	8059	41	7136	0,013199505	0,006681514	0,005061728	0,539325843	0,006681514	0,460674157	0,530423973
579	9	0.4	true	55	8052	48	7129	0,015095375	0,007655902	0,005925926	0,533980583	0,007655902	0,466019417	0,530423973
596	27	0.4	true	261	7846	254	6923	0,067801013	0,036330735	0,031358025	0,506796117	0,036330735	0,493203883	0,530423973
352	30	0.6	true	62	8044	56	7122	0,016981649	0,00863029	0,00691358	0,525423729	0,00863029	0,474576271	0,530358545
531	6	0.5	true	59	8047	53	7125	0,016173246	0,008212695	0,00654321	0,526785714	0,008212695	0,473214286	0,530358545
571	2	0.4	true	186	7920	180	6998	0,049271523	0,025890869	0,022222222	0,508196721	0,025890869	0,491803279	0,530358545
887	24	0.5	true	59	8047	53	7125	0,016173246	0,008212695	0,00654321	0,526785714	0,008212695	0,473214286	0,530358545
162	23	0.7	true	58	8047	53	7126	0,015901302	0,008073497	0,00654321	0,522522523	0,008073497	0,477477477	0,530293117
354	36	0.6	true	64	8041	59	7120	0,017517449	0,008908686	0,007283951	0,520325203	0,008908686	0,479674797	0,530293117
737	6	0.1	true	333	7772	328	6851	0,084894837	0,046353007	0,040493827	0,503782148	0,046353007	0,496217852	0,530293117
889	18	0.2	true	258	7847	253	6926	0,06705653	0,03591314	0,031234568	0,504892368	0,03591314	0,495107632	0,530293117
874	21	0.7	true	68	8037	63	7116	0,018591934	0,009465479	0,007777778	0,519083969	0,009465479	0,480916031	0,530293117
35	16	0.6	true	50	8054	46	7134	0,013736264	0,006959911	0,005679012	0,520833333	0,006959911	0,479166667	0,530227689
193	19	0.7	true	68	8036	64	7116	0,018589393	0,009465479	0,007901235	0,515151515	0,009465479	0,484848485	0,530227689
284	17	0.4	true	50	8054	46	7134	0,013736264	0,006959911	0,005679012	0,520833333	0,006959911	0,479166667	0,530227689
363	13	0.5	true	50	8054	46	7134	0,013736264	0,006959911	0,005679012	0,520833333	0,006959911	0,479166667	0,530227689
471	28	0.5	true	50	8054	46	7134	0,013736264	0,006959911	0,005679012	0,520833333	0,006959911	0,479166667	0,530227689
607	36	0.5	true	50	8054	46	7134	0,013736264	0,006959911	0,005679012	0,520833333	0,006959911	0,479166667	0,530227689
654	33	0.6	true	54	8050	50	7130	0,01481888	0,007516704	0,00617284	0,519230769	0,007516704	0,480769231	0,530227689
740	10	0.5	true	50	8054	46	7134	0,013736264	0,006959911	0,005679012	0,520833333	0,006959911	0,479166667	0,530227689
852	19	0.5	true	50	8054	46	7134	0,013736264	0,006959911	0,005679012	0,520833333	0,006959911	0,479166667	0,530227689
152	5	0.2	true	344	7759	341	6840	0,087431694	0,047884187	0,042098765	0,502189781	0,047884187	0,497810219	0,530162261
324	36	0.2	true	204	7899	201	6980	0,053762024	0,028396437	0,024814815	0,503703704	0,028396437	0,496296296	0,530162261
576	12	0.2	true	197	7905	195	6987	0,052006336	0,027422049	0,024074074	0,50255102	0,027422049	0,49744898	0,530096833
669	26	0.7	true	52	8050	50	7132	0,01427395	0,007238307	0,00617284	0,509803922	0,007238307	0,490196078	0,530096833
705	31	0.6	true	186	7915	185	6998	0,049238915	0,025890869	0,022839506	0,501347709	0,025890869	0,498652291	0,530031405
190	32	0.5	true	167	7933	167	7017	0,044426709	0,023246102	0,020617284	0,5	0,023246102	0,5	0,529965977
219	25	0.2	true	183	7917	183	7001	0,048476821	0,025473274	0,022592593	0,5	0,025473274	0,5	0,529965977
477	14	0.7	true	80	8020	80	7104	0,021786492	0,011135857	0,009876543	0,5	0,011135857	0,5	0,529965977
142	9	0.5	true	152	7946	154	7032	0,04058745	0,021158129	0,019012346	0,496732026	0,021158129	0,503267974	0,529835122
666	19	0.6	true	191	7907	193	6993	0,050475687	0,02658686	0,02382716	0,497395833	0,02658686	0,502604167	0,529835122
781	30	0.1	true	335	7763	337	6849	0,085285132	0,046631403	0,041604938	0,498511905	0,046631403	0,501488095	0,529835122
181	25	0.3	true	387	7710	390	6797	0,097223967	0,05386971	0,048148148	0,498069498	0,05386971	0,501930502	0,529769694
356	21	0.4	true	281	7816	284	6903	0,072525487	0,039114699	0,035061728	0,497345133	0,039114699	0,502654867	0,529769694
235	5	0.4	true	162	7934	166	7022	0,04313099	0,022550111	0,020493827	0,493902439	0,022550111	0,506097561	0,529704266
287	17	0.2	true	191	7905	195	6993	0,050462351	0,02658686	0,024074074	0,494818653	0,02658686	0,505181347	0,529704266
601	26	0.1	true	314	7782	318	6870	0,080348004	0,043708241	0,039259259	0,496835443	0,043708241	0,503164557	0,529704266
683	8	0.6	true	161	7935	165	7023	0,042876165	0,022410913	0,02037037	0,493865031	0,022410913	0,506134969	0,529704266
524	20	0.4	true	205	7890	210	6979	0,053954468	0,028535635	0,025925926	0,493975904	0,028535635	0,506024096	0,529638838
836	8	0.4	true	129	7966	134	7055	0,034644823	0,01795657	0,01654321	0,490494297	0,01795657	0,509505703	0,529638838
802	29	0.2	true	313	7781	319	6871	0,080092119	0,043569042	0,039382716	0,495253165	0,043569042	0,504746835	0,52957341
112	26	0.2	true	299	7794	306	6885	0,076774939	0,041620267	0,037777778	0,494214876	0,041620267	0,505785124	0,529507982
127	23	0.2	true	399	7693	407	6785	0,099874844	0,055540089	0,050246914	0,495037221	0,055540089	0,504962779	0,529442554
285	4	0.3	true	267	7825	275	6917	0,069117266	0,037165924	0,033950617	0,492619926	0,037165924	0,507380074	0,529442554
518	14	0.4	true	155	7936	164	7029	0,041316807	0,021575724	0,020246914	0,485893417	0,021575724	0,514106583	0,529377126
561	2	0.1	true	167	7923	177	7017	0,044367694	0,023246102	0,021851852	0,485465116	0,023246102	0,514534884	0,529311699
753	19	0.1	true	311	7779	321	6873	0,079580348	0,043290646	0,03962963	0,492088608	0,043290646	0,507911392	0,529311699
639	31	0.4	true	157	7932	168	7027	0,041816487	0,02185412	0,020740741	0,483076923	0,02185412	0,516923077	0,529246271
266	33	0.4	true	210	7878	222	6974	0,055147059	0,029231626	0,027407407	0,486111111	0,029231626	0,513888889	0,529180843
291	29	0.1	true	303	7785	315	6881	0,077672392	0,04217706	0,038888889	0,490291262	0,04217706	0,509708738	0,529180843
653	21	0.1	true	281	7807	293	6903	0,072441351	0,039114699	0,03617284	0,489547038	0,039114699	0,510452962	0,529180843
791	14	0.3	true	194	7893	207	6990	0,051153593	0,027004454	0,025555556	0,483790524	0,027004454	0,516209476	0,529115415
805	32	0.2	true	345	7742	358	6839	0,087485736	0,048023385	0,044197531	0,490753912	0,048023385	0,509246088	0,529115415
423	11	0.4	true	172	7914	186	7012	0,045611244	0,023942094	0,022962963	0,480446927	0,023942094	0,519553073	0,529049987
439	22	0.3	true	126	7959	141	7058	0,033820964	0,017538976	0,017407407	0,471910112	0,017538976	0,528089888	0,528984559
686	5	0.3	true	144	7941	159	7040	0,038466676	0,020044543	0,01962963	0,475247525	0,020044543	0,524752475	0,528984559
806	17	0.1	true	329	7756	344	6855	0,083746977	0,045796214	0,042469136	0,488855869	0,045796214	0,511144131	0,528984559
321	21	0.6	true	150	7934	166	7034	0,04	0,020879733	0,020493827	0,474683544	0,020879733	0,525316456	0,528919131
715	3	0.4	true	138	7946	154	7046	0,036918138	0,019209354	0,019012346	0,47260274	0,019209354	0,52739726	0,528919131
762	21	0.3	true	257	7826	274	6927	0,066623461	0,035773942	0,03382716	0,483992467	0,035773942	0,516007533	0,528853703
772	36	0.3	true	269	7814	286	6915	0,069518026	0,037444321	0,035308642	0,484684685	0,037444321	0,515315315	0,528853703
369	13	0.3	true	267	7815	285	6917	0,069027921	0,037165924	0,035185185	0,483695652	0,037165924	0,516304348	0,528788275
306	8	0.2	true	324	7757	343	6860	0,082537256	0,045100223	0,042345679	0,485757121	0,045100223	0,514242879	0,528722847
501	35	0.4	true	146	7935	165	7038	0,038959306	0,02032294	0,02037037	0,469453376	0,02032294	0,530546624	0,528722847
609	33	0.3	true	344	7737	363	6840	0,087187936	0,047884187	0,044814815	0,486562942	0,047884187	0,513437058	0,528722847
402	16	0.3	true	186	7894	206	6998	0,049102429	0,025890869	0,025432099	0,474489796	0,025890869	0,525510204	0,52865742
568	9	0.3	true	268	7812	288	6916	0,069250646	0,037305122	0,035555556	0,482014388	0,037305122	0,517985612	0,52865742
28	37	0.4	true	141	7938	162	7043	0,037665286	0,019626949	0,02	0,465346535	0,019626949	0,534653465	0,528591992
556	19	0.4	true	132	7947	153	7052	0,035346097	0,018374165	0,018888889	0,463157895	0,018374165	0,536842105	0,528591992
442	4	0.4	true	134	7944	156	7050	0,03585764	0,018652561	0,019259259	0,462068966	0,018652561	0,537931034	0,528526564
875	3	0.2	true	341	7737	363	6843	0,086460446	0,047466592	0,044814815	0,484375	0,047466592	0,515625	0,528526564
214	5	0.1	true	268	7808	292	6916	0,069214876	0,037305122	0,036049383	0,478571429	0,037305122	0,521428571	0,528395708
434	35	0.2	true	268	7808	292	6916	0,069214876	0,037305122	0,036049383	0,478571429	0,037305122	0,521428571	0,528395708
51	13	0.6	true	138	7937	163	7046	0,036873747	0,019209354	0,020123457	0,458471761	0,019209354	0,541528239	0,52833028
262	2	0.2	true	277	7798	302	6907	0,071364163	0,038557906	0,037283951	0,478411054	0,038557906	0,521588946	0,52833028
816	22	0.1	true	284	7791	309	6900	0,073035875	0,039532294	0,038148148	0,478920742	0,039532294	0,521079258	0,52833028
50	34	0.2	true	201	7873	227	6983	0,05281135	0,027978842	0,028024691	0,469626168	0,027978842	0,530373832	0,528264852
147	30	0.4	true	231	7843	257	6953	0,060218978	0,032154788	0,031728395	0,473360656	0,032154788	0,526639344	0,528264852
231	10	0.4	true	109	7965	135	7075	0,029348411	0,015172606	0,016666667	0,446721311	0,015172606	0,553278689	0,528264852
819	23	0.1	true	352	7722	378	6832	0,08895628	0,048997773	0,046666667	0,482191781	0,048997773	0,517808219	0,528264852
161	13	0.4	true	81	7992	108	7103	0,02197206	0,011275056	0,013333333	0,428571429	0,011275056	0,571428571	0,528199424
460	15	0.2	true	106	7966	134	7078	0,028556034	0,014755011	0,01654321	0,441666667	0,014755011	0,558333333	0,528133996
728	34	0.4	true	236	7836	264	6948	0,06142634	0,03285078	0,032592593	0,472	0,03285078	0,528	0,528133996
120	33	0.2	true	269	7802	298	6915	0,069410399	0,037444321	0,036790123	0,474426808	0,037444321	0,525573192	0,528068568
777	12	0.3	true	111	7960	140	7073	0,029858776	0,015451002	0,017283951	0,442231076	0,015451002	0,557768924	0,528068568
133	17	0.5	true	53	8017	83	7131	0,014480874	0,007377506	0,010246914	0,389705882	0,007377506	0,610294118	0,528003141
292	13	0.2	true	255	7815	285	6929	0,066027965	0,035495546	0,035185185	0,472222222	0,035495546	0,527777778	0,528003141
323	31	0.2	true	356	7713	387	6828	0,089819604	0,049554566	0,047777778	0,479138627	0,049554566	0,520861373	0,527937713
396	6	0.2	true	257	7812	288	6927	0,066502782	0,035773942	0,035555556	0,471559633	0,035773942	0,528440367	0,527937713
488	11	0.3	true	249	7820	280	6935	0,064566317	0,034660356	0,034567901	0,470699433	0,034660356	0,529300567	0,527937713
637	3	0.3	true	309	7760	340	6875	0,078896974	0,043012249	0,041975309	0,476117103	0,043012249	0,523882897	0,527937713
569	5	0.6	true	110	7957	143	7074	0,029581821	0,015311804	0,017654321	0,434782609	0,015311804	0,565217391	0,527806857
265	15	0.4	true	99	7967	133	7085	0,026699029	0,013780624	0,016419753	0,426724138	0,013780624	0,573275862	0,527741429
760	26	0.4	true	99	7967	133	7085	0,026699029	0,013780624	0,016419753	0,426724138	0,013780624	0,573275862	0,527741429
782	24	0.4	true	264	7802	298	6920	0,068164214	0,03674833	0,036790123	0,46975089	0,03674833	0,53024911	0,527741429
872	4	0.2	true	204	7862	238	6980	0,05350118	0,028396437	0,029382716	0,461538462	0,028396437	0,538461538	0,527741429
34	8	0.1	true	353	7712	388	6831	0,089085174	0,049136971	0,047901235	0,476383266	0,049136971	0,523616734	0,527676001
340	36	0.4	true	214	7851	249	6970	0,055969661	0,029788419	0,030740741	0,462203024	0,029788419	0,537796976	0,527676001
890	20	0.2	true	287	7778	322	6897	0,073655845	0,039949889	0,039753086	0,471264368	0,039949889	0,528735632	0,527676001
690	22	0.4	true	177	7887	213	7007	0,046738843	0,024638085	0,026296296	0,453846154	0,024638085	0,546153846	0,527610573
871	20	0.3	true	306	7758	342	6878	0,07814096	0,042594655	0,042222222	0,472222222	0,042594655	0,527777778	0,527610573
876	6	0.3	true	315	7749	351	6869	0,080254777	0,043847439	0,043333333	0,472972973	0,043847439	0,527027027	0,527610573
337	4	0.5	true	98	7964	136	7086	0,026422216	0,013641425	0,016790123	0,418803419	0,013641425	0,581196581	0,527479717
525	19	0.2	true	339	7722	378	6845	0,085811923	0,047188196	0,046666667	0,472803347	0,047188196	0,527196653	0,527414289
651	28	0.4	true	205	7856	244	6979	0,053714136	0,028535635	0,030123457	0,456570156	0,028535635	0,543429844	0,527414289
736	7	0.3	true	202	7859	241	6982	0,052969713	0,02811804	0,029753086	0,455981941	0,02811804	0,544018059	0,527414289
66	33	0.1	true	262	7798	302	6922	0,067630356	0,036469933	0,037283951	0,464539007	0,036469933	0,535460993	0,527348862
221	14	0.1	true	344	7716	384	6840	0,086956522	0,047884187	0,047407407	0,472527473	0,047884187	0,527472527	0,527348862
567	32	0.1	true	239	7821	279	6945	0,062061802	0,033268374	0,034444444	0,461389961	0,033268374	0,538610039	0,527348862
778	36	0.1	true	284	7776	324	6900	0,072895277	0,039532294	0,04	0,467105263	0,039532294	0,532894737	0,527348862
504	25	0.1	true	327	7732	368	6857	0,083005458	0,045517817	0,045432099	0,470503597	0,045517817	0,529496403	0,527283434
671	16	0.2	true	237	7822	278	6947	0,061566437	0,032989978	0,034320988	0,460194175	0,032989978	0,539805825	0,527283434
139	32	0.3	true	139	7918	182	7045	0,037041972	0,019348552	0,022469136	0,433021807	0,019348552	0,566978193	0,527152578
821	22	0.2	true	214	7841	259	6970	0,055896565	0,029788419	0,031975309	0,45243129	0,029788419	0,54756871	0,527021722
511	15	0.1	true	236	7818	282	6948	0,061282784	0,03285078	0,034814815	0,455598456	0,03285078	0,544401544	0,526956294
395	25	0.4	true	180	7871	229	7004	0,04741209	0,025055679	0,028271605	0,4400978	0,025055679	0,5599022	0,52676001
482	27	0.2	true	228	7822	278	6956	0,059297789	0,031737194	0,034320988	0,450592885	0,031737194	0,549407115	0,526694583
834	7	0.2	true	356	7694	406	6828	0,089604833	0,049554566	0,050123457	0,467191601	0,049554566	0,532808399	0,526694583
233	2	0.3	true	186	7863	237	6998	0,048902327	0,025890869	0,029259259	0,439716312	0,025890869	0,560283688	0,526629155
329	18	0.4	true	291	7755	345	6893	0,074424552	0,040506682	0,042592593	0,45754717	0,040506682	0,54245283	0,526432871
317	16	0.1	true	354	7691	409	6830	0,089090223	0,049276169	0,050493827	0,46395806	0,049276169	0,53604194	0,526367443
730	12	0.4	true	174	7871	229	7010	0,045867932	0,02422049	0,028271605	0,431761787	0,02422049	0,568238213	0,526367443
411	20	0.1	true	335	7709	391	6849	0,084702908	0,046631403	0,048271605	0,461432507	0,046631403	0,538567493	0,526302015
712	26	0.3	true	303	7741	359	6881	0,077236809	0,04217706	0,044320988	0,457703927	0,04217706	0,542296073	0,526302015
546	11	0.1	true	348	7692	408	6836	0,087657431	0,04844098	0,05037037	0,46031746	0,04844098	0,53968254	0,526040304
382	8	0.3	true	273	7766	334	6911	0,070080863	0,038001114	0,041234568	0,449752883	0,038001114	0,550247117	0,525974876
515	32	0.4	true	160	7879	221	7024	0,042300066	0,022271715	0,027283951	0,419947507	0,022271715	0,580052493	0,525974876
280	11	0.2	true	319	7717	383	6865	0,080902866	0,044404232	0,047283951	0,454415954	0,044404232	0,545584046	0,525778592
598	31	0.3	true	204	7832	268	6980	0,053291536	0,028396437	0,03308642	0,43220339	0,028396437	0,56779661	0,525778592
414	10	0.2	true	277	7758	342	6907	0,070998334	0,038557906	0,042222222	0,447495961	0,038557906	0,552504039	0,525713164
521	27	0.3	true	327	7708	392	6857	0,082753385	0,045517817	0,048395062	0,454798331	0,045517817	0,545201669	0,525713164
627	3	0.1	true	215	7820	280	6969	0,055996875	0,029927617	0,034567901	0,434343434	0,029927617	0,565656566	0,525713164
245	28	0.3	true	178	7852	248	7006	0,046780552	0,024777283	0,030617284	0,417840376	0,024777283	0,582159624	0,525386025
53	37	0.3	true	258	7765	335	6926	0,066349492	0,03591314	0,041358025	0,435075885	0,03591314	0,564924115	0,524928029
656	30	0.3	true	234	7780	320	6950	0,060480744	0,032572383	0,039506173	0,422382671	0,032572383	0,577617329	0,524339178
128	28	0.6	true	7184	0	8100	0	0,639487271	1	1	0,470034023	1	0,529965977	0,470034023
241	14	0.6	true	7184	0	8100	0	0,639487271	1	1	0,470034023	1	0,529965977	0,470034023
377	23	0.5	true	7184	0	8100	0	0,639487271	1	1	0,470034023	1	0,529965977	0,470034023
431	18	0.5	true	7184	0	8100	0	0,639487271	1	1	0,470034023	1	0,529965977	0,470034023
448	20	0.5	true	7184	0	8100	0	0,639487271	1	1	0,470034023	1	0,529965977	0,470034023
462	15	0.5	true	7184	0	8100	0	0,639487271	1	1	0,470034023	1	0,529965977	0,470034023
